1-gen-2018 0.00.00[(68965495,233.40001),(57048689,190.80002),(46988223,149.54001),(57123959,99.00001),(2073520,89.3),(64854347,86.46001),(4985602,83.700005),(74661305,79.200005),(52188782,74.33001),(54399408,74.2),]
2-gen-2018 0.00.00[(57048689,491.0),(34756900,456.47003),(57123959,429.30002),(1811585,419.76),(61986282,402.60004),(64888397,398.09003),(63591393,344.2),(43661348,329.7),(12443097,321.30002),(450196,315.98),]
3-gen-2018 0.00.00[(33213475,1544.74),(40118532,1301.81),(77757865,1132.56),(46565646,934.2),(79437344,774.18005),(78124169,700.5),(43678268,693.2),(56606505,687.39),(46743487,607.2),(37012629,536.67),]
4-gen-2018 0.00.00[(62938502,395.94003),(47109348,389.2),(17173195,386.40002),(68890766,353.14005),(57267911,332.94003),(47037700,316.03003),(11960208,299.22003),(57048689,299.1),(26805097,291.18002),(74755960,281.61002),]
5-gen-2018 0.00.00[(2073520,1358.1399),(64646953,1347.84),(40118532,1095.41),(76165388,1037.4),(51878992,994.00006),(69745052,954.0),(69563353,936.54004),(34419602,924.76),(74662660,728.31),(59003930,705.66),]
6-gen-2018 0.00.00[(57048689,468.30002),(25141914,357.5),(17173195,282.43),(2073520,271.80002),(47032762,259.2),(57076816,232.30002),(76739302,208.56001),(65499127,203.07002),(37674938,186.70001),(29899499,159.72002),]
7-gen-2018 0.00.00[(62963437,461.34003),(9370,451.2),(66363989,364.36002),(9271683,337.63),(46890990,330.99002),(79173649,267.2),(64775608,249.8),(1826961,225.40001),(26272277,220.81001),(78666432,175.8),]
8-gen-2018 0.00.00[(66076737,614.46),(73897084,448.06003),(44420772,443.31),(18946565,432.78003),(51878992,429.30002),(72396715,361.02002),(35951226,333.80002),(36500408,309.54004),(59188335,295.39),(15785326,280.74002),]
9-gen-2018 0.00.00[(51878992,623.8),(15701094,544.62),(54547503,487.80002),(69314593,478.95),(2073520,461.7),(17173195,439.2),(48028967,429.45),(25141914,394.20004),(23078829,353.56),(71408207,319.47998),]
10-gen-2018 0.00.00[(51878992,911.8),(2073520,768.68005),(63591393,493.90002),(25141914,396.30002),(17173195,380.6),(66418833,364.5),(46959561,363.0),(5310634,345.0),(1658894,335.98),(55112810,335.61),]
11-gen-2018 0.00.00[(51087612,1002.83997),(51878992,831.00006),(54609914,689.16),(84321641,658.76),(54232596,571.02),(65256487,428.88004),(68141594,413.94003),(44053468,401.0),(79251533,395.40002),(2289495,348.52002),]
12-gen-2018 0.00.00[(51878992,1000.00006),(57048689,775.9001),(47969486,531.94006),(62222075,432.65002),(60783017,416.79004),(38331232,390.91),(2073520,325.6),(63895072,310.1),(66332358,257.0),(23078829,246.90001),]
13-gen-2018 0.00.00[(51878992,1036.3),(64354920,946.89),(60674711,820.83),(72040400,627.0),(36256008,570.0),(57048689,547.9),(38331232,516.0),(2073520,456.55002),(33605332,426.42),(55678593,369.30002),]
14-gen-2018 0.00.00[(73137363,310.50003),(49620833,210.6),(76781058,188.1),(12443097,186.3),(57229288,179.31001),(27077287,170.1),(3017681,166.50002),(45524127,157.5),(34502232,154.52),(337474,129.90001),]
15-gen-2018 0.00.00[(51878992,1066.4),(2073520,600.9),(57048689,518.60004),(9271683,516.78),(35448296,497.76),(23078829,428.71002),(31713359,312.00003),(16989055,303.45),(38331232,294.90002),(52131820,256.5),]
16-gen-2018 0.00.00[(51878992,1425.7001),(38331232,1194.7001),(65614411,849.75006),(25141914,593.80005),(1246834,586.74005),(56166904,576.6),(15468661,540.58),(68214711,510.30002),(74791119,505.89005),(2073520,464.80002),]
17-gen-2018 0.00.00[(63651819,960.10004),(57916836,851.4),(33421419,771.54004),(73512218,648.61),(54928688,630.3),(70901036,578.9),(49906049,533.1),(63336211,490.60004),(67057626,481.80002),(64540670,438.60004),]
18-gen-2018 0.00.00[(60230477,428.01),(62507509,362.46),(51878992,343.80002),(56342659,332.1),(31600138,255.54001),(74691226,250.92003),(60205911,246.22002),(34835062,222.00002),(69952717,220.1),(73778536,198.90001),]
19-gen-2018 0.00.00[(2073520,1167.34),(38331232,1019.3),(51878992,964.60004),(56825716,870.18005),(57123959,801.00006),(54291020,720.12),(81039269,712.47),(106834,611.82),(78514751,444.80002),(64270364,408.58002),]
20-gen-2018 0.00.00[(57048689,1203.3),(48038238,803.22003),(1067566,627.66003),(2073520,464.90002),(60851162,412.7),(63775488,399.6),(63591393,383.2),(72473320,377.85),(4059147,360.40002),(37987242,350.9),]
21-gen-2018 0.00.00[(51878992,402.1),(3770357,256.30002),(60547014,255.83),(3693550,248.40001),(72863708,220.8),(73144719,208.20001),(39244115,197.6),(35591703,196.50002),(31294013,193.50002),(38331232,193.5),]
22-gen-2018 0.00.00[(38331232,528.30005),(20990381,462.04004),(32794980,437.40002),(2073520,409.2),(22528152,355.02002),(58314766,353.7),(5340020,321.00003),(46918499,310.08002),(63591393,306.45),(19395153,299.1),]
23-gen-2018 0.00.00[(38331232,1058.1901),(44784364,663.63007),(51878992,636.7001),(76012420,578.86005),(61986282,571.51),(66476244,528.60004),(69678834,517.44006),(61172258,417.45),(62372348,410.19003),(68331000,377.23),]
24-gen-2018 0.00.00[(51878992,631.4),(79666928,614.58),(65183669,558.15),(31638827,374.40002),(57901448,373.97),(45086985,342.18002),(61828930,297.78),(76992358,262.72003),(30138999,247.29001),(51001833,244.80002),]
25-gen-2018 0.00.00[(39620600,688.39),(854488,622.71),(25141914,548.5),(2073520,532.80005),(75911032,532.70996),(80543630,471.32),(58720782,385.90002),(78605904,385.11002),(57101688,384.78),(51878992,379.50003),]
26-gen-2018 0.00.00[(1927937,930.39),(84538667,668.99005),(62380218,639.80005),(2073520,601.9),(17231624,599.4),(38331232,575.48),(30771940,555.3),(53453269,504.90002),(51878992,495.2),(18426496,490.90002),]
27-gen-2018 0.00.00[(57048689,1741.5),(40118532,1518.77),(2073520,1119.9),(12582762,1104.0),(25504325,1002.30005),(44053468,706.00006),(56166904,689.60004),(43644377,550.2),(35591703,480.00003),(48110597,441.60004),]
28-gen-2018 0.00.00[(23078829,725.30005),(51878992,725.10004),(7531892,567.3),(38371156,525.44006),(67628274,388.98),(2073520,378.22003),(1460968,307.35),(16909680,278.0),(19290034,216.30002),(122453,207.69002),]
29-gen-2018 0.00.00[(51878992,1146.9),(12949267,1072.8301),(67691516,817.74005),(9271683,678.42),(57048689,581.4),(33709294,513.8901),(35591703,485.5),(64440825,459.30002),(29109674,455.0),(59460227,425.2),]
30-gen-2018 0.00.00[(14480101,639.66),(64389788,516.24),(56907400,473.61002),(38702362,460.68002),(34881871,450.45),(40554705,408.29004),(64484784,394.2),(51878992,389.30002),(63119682,355.3),(20556626,346.83002),]
31-gen-2018 0.00.00[(77640573,261.81003),(17660585,244.02002),(75911032,208.31001),(67798076,186.45001),(73137363,169.74),(80548680,148.94),(55199711,134.47),(54409812,128.78),(5613034,92.600006),(51905269,83.1),]
1-feb-2018 0.00.00[(40118532,1325.6699),(49906049,957.3301),(70590156,927.75),(3017681,783.55005),(61336885,781.50006),(77954107,777.9),(65067919,763.60004),(62266564,748.62),(51878992,638.10004),(57048689,602.30005),]
2-feb-2018 0.00.00[(4120391,1004.9301),(63119682,911.42),(75911032,893.5801),(35560173,874.29004),(1706461,799.38007),(51878992,777.8),(72918945,692.79004),(25141914,671.96),(28828459,666.72),(68752205,648.78),]
3-feb-2018 0.00.00[(2073520,1023.7001),(57048689,755.7),(38331232,697.0),(78434669,564.05005),(5310634,507.00003),(76295192,492.03),(35591703,463.20004),(3770357,425.6),(53020238,416.13),(12582762,402.7),]
4-feb-2018 0.00.00[(25141914,291.90002),(14668198,269.40002),(7575776,239.40001),(55678593,237.0),(35591703,218.60002),(422086,202.20001),(2073520,193.18),(76155253,189.3),(47123844,182.1),(45502378,174.5),]
5-feb-2018 0.00.00[(40118532,673.95),(38331232,642.5),(38834377,634.59),(57048689,613.5),(57285736,544.69006),(37061451,527.7),(76340271,492.48),(2073520,444.80002),(33605332,427.7),(39620600,421.00003),]
6-feb-2018 0.00.00[(2258463,767.55005),(47517981,687.72),(30644652,662.2),(51878992,655.2),(84222047,607.38),(44060027,517.44006),(83405804,501.27002),(2073520,463.2),(48178156,412.95),(65353134,397.32004),]
7-feb-2018 0.00.00[(67570194,598.62006),(2375860,511.29004),(21286079,506.34003),(46062714,471.90002),(79257649,424.46),(49906049,418.35004),(20394985,411.30002),(57048689,392.80002),(62269531,365.1),(41824747,364.59003),]
8-feb-2018 0.00.00[(51878992,1625.6),(10344179,525.69006),(41126079,519.9),(57048689,513.3),(61986282,497.70004),(38331232,494.30002),(50341182,486.87003),(5340020,459.00003),(33605332,452.40002),(73876065,452.1),]
9-feb-2018 0.00.00[(51878992,935.60004),(64397379,901.5301),(18626273,673.65),(45097,630.42),(58708373,559.02),(71018133,496.65002),(9522144,491.0),(74266243,486.75003),(77113804,478.98),(355880,475.20004),]
10-feb-2018 0.00.00[(51878992,1685.2001),(57048689,1634.1001),(2073520,1220.7001),(35591703,931.80005),(63591393,901.53),(57076816,642.9),(75939797,603.69),(56166904,586.8),(12443097,483.00003),(21674888,438.30002),]
11-feb-2018 0.00.00[(51598241,852.18005),(22502625,596.1),(18782343,468.90002),(59987951,450.16),(48246302,444.51),(50210704,438.84003),(65272023,404.25003),(63894116,393.69003),(65348130,375.37),(51878992,341.6),]
12-feb-2018 0.00.00[(64889900,887.43005),(51878992,754.30005),(49668339,681.45),(2073520,623.2001),(68655550,564.63),(63591393,413.28003),(79109603,385.77002),(38210046,361.47003),(57048689,337.7),(42746821,332.43002),]
13-feb-2018 0.00.00[(54196735,1033.27),(16909483,843.48004),(32300834,755.52),(66221729,687.76),(58193603,683.76),(12443097,639.54004),(59395862,564.51),(51878992,547.30005),(78877401,518.43),(38331232,471.90002),]
14-feb-2018 0.00.00[(45840695,796.74005),(51878992,639.2),(9437749,617.43005),(69464265,597.49005),(60736816,571.09),(62096858,526.35004),(2073520,518.76),(60025659,514.7),(77152345,473.34003),(61011842,374.96),]
15-feb-2018 0.00.00[(69555093,761.97),(40118532,726.28),(65820219,691.14),(12582762,678.7001),(12626070,582.78),(2073520,573.19006),(26436731,500.06),(51878992,484.30002),(38331232,482.2),(25141914,454.84003),]
16-feb-2018 0.00.00[(920052,884.4),(12802407,701.5801),(60025659,686.02),(67291819,670.68005),(48751578,623.74005),(19946911,541.98004),(67586182,527.13),(57523214,499.29004),(13511540,492.36002),(61986282,475.00003),]
17-feb-2018 0.00.00[(25141914,769.2),(57048689,716.7),(43644377,661.9),(2073520,475.52002),(57113728,473.80002),(38331232,412.30002),(74505427,358.05002),(49423241,330.90002),(66332358,320.85),(32140220,300.6),]
18-feb-2018 0.00.00[(23078829,578.9),(55678593,401.2),(64155512,332.06),(5445298,285.5),(51878992,272.6),(49420036,270.93),(54089823,245.50002),(64531310,237.5),(8878887,231.14),(25265344,217.26003),]
19-feb-2018 0.00.00[(25141914,536.10004),(2073520,473.2),(3770357,386.55002),(57113728,338.1),(25504325,282.6),(45676047,256.5),(51878992,256.0),(65535536,242.34001),(66105864,225.18001),(56679104,207.6),]
20-feb-2018 0.00.00[(51878992,1017.30005),(38331232,856.2301),(65213775,655.75006),(57048689,556.2),(68251377,399.38),(25141914,375.1),(2073520,372.14),(77653522,357.72003),(27920024,330.06),(5547491,328.00003),]
21-feb-2018 0.00.00[(51878992,997.10004),(67416055,862.74005),(67701793,777.93005),(64565279,519.79004),(64898446,491.82004),(72453554,466.53003),(66581027,465.85),(40118532,350.82004),(75911032,342.30002),(78371232,340.22003),]
22-feb-2018 0.00.00[(65241670,838.32),(51878992,779.7),(26035061,635.62),(57048689,503.5),(84961100,423.84003),(47372875,418.23),(15274467,371.95),(25141914,349.6),(64415744,339.36002),(39620600,334.74002),]
23-feb-2018 0.00.00[(51878992,1693.0001),(72050670,1374.4501),(79751302,1065.03),(34740606,978.57),(58596490,658.4),(59460227,618.06),(57048689,615.30005),(60206023,608.26),(20982021,594.9),(50168457,575.31),]
24-feb-2018 0.00.00[(35980718,1095.7),(40118532,922.28),(66581027,868.54004),(57048689,765.9),(38331232,714.4),(48110597,622.80005),(65373776,593.34),(12582762,546.10004),(515049,485.7),(8619916,451.98),]
25-feb-2018 0.00.00[(51878992,609.30005),(23078829,537.4),(2424676,342.58002),(21817067,296.5),(2073520,264.4),(57663081,215.70001),(57076816,194.40001),(12443097,193.4),(59900427,162.90001),(29899499,139.50002),]
26-feb-2018 0.00.00[(22502625,730.00006),(51878992,642.5),(56166904,573.91),(35980718,560.6),(38331232,444.50003),(2073520,392.92),(42705168,376.86),(450196,299.62003),(74234146,288.13),(78548008,278.1),]
27-feb-2018 0.00.00[(51878992,1684.4),(38331232,1020.10004),(28368780,980.94006),(57048689,935.80005),(72040400,811.23004),(60143183,781.44006),(34228721,772.2),(4008701,679.41003),(63625157,640.53),(63669488,594.0),]
28-feb-2018 0.00.00[(51878992,486.2),(67214539,350.0),(52950109,329.79004),(76287895,214.29001),(31638827,192.20001),(66332358,180.96002),(106834,159.33),(82774881,150.27),(59960698,130.50002),(32171272,126.73001),]
1-mar-2018 0.00.00[(18868541,36.0),(35757574,23.400002),(50094963,21.900002),(68399181,21.6),(8203131,20.130001),(76260219,19.800001),(51878992,17.400002),(55183575,17.4),(66162794,15.000001),(69751115,14.1),]
2-mar-2018 0.00.00[(72653894,14.1),(25318459,11.700001),(65673927,10.200001),(50180668,8.700001),(68728168,7.2000003),(32997775,6.6000004),(43550731,6.6000004),(15314432,6.3),(1931421,6.3),(67404116,6.3),]
3-mar-2018 0.00.00[(66732933,24.900002),(36736213,22.2),(54611666,12.6),(26511588,9.0),(53936184,9.0),(67897806,5.7000003),(77720907,5.5),(15943104,5.1000004),(28588861,4.8),(1382346,4.2000003),]
4-mar-2018 0.00.00[(8010,9.900001),(33838752,6.9),(85107791,6.9),(65276105,5.7000003),(19394570,4.5),(59282180,4.5),(4123338,4.2000003),(42936585,4.2000003),(66641761,4.2000003),(82443667,3.9),]
5-mar-2018 0.00.00[(49484120,7.2000003),(64027912,4.5),(70156299,3.3000002),(71872596,2.7),(66689150,2.5),(64401061,1.8000001),(16953748,1.5),(47856421,1.5),(57923262,1.5),(72646174,1.5),]
6-mar-2018 0.00.00[(68521406,16.5),(67928411,7.2000003),(53165245,6.9),(26396812,6.6000004),(48276181,6.3),(67389179,5.4),(64414352,4.2000003),(14577152,3.9),(85129344,3.9),(13715796,2.4),]
7-mar-2018 0.00.00[(25020225,7.8),(76108829,4.8),(31241046,2.7),(23561971,2.4),(57859599,2.1),(72560860,1.8000001),(78169502,1.8000001),(19190372,1.5),(39453249,0.90000004),(27473667,0.6),]
8-mar-2018 0.00.00[(67961891,11.8),(10329685,10.6),(68079354,8.1),(66685223,7.9),(84492781,7.8),(59689153,6.3),(72920371,5.1000004),(41847830,4.8),(22895112,4.6),(69280534,4.2000003),]
9-mar-2018 0.00.00[(18234515,6.6000004),(50079274,3.3000002),(16410302,2.4),(83246354,2.1000001),(32171272,1.8000001),(114538,1.5),(63306780,1.5),(67281652,1.2),(69624277,1.2),(66427193,1.0),]
10-mar-2018 0.00.00[(724138,2.1000001),(76690275,2.1000001),(26443191,0.7),(57128966,0.6),(35980718,0.3),(50311731,0.3),(54124804,0.3),(64906952,0.3),(82777154,0.3),(51073724,0.0),]
11-mar-2018 0.00.00[(62484116,1.5),(56770824,1.2),(57642382,1.2),(2110483,0.6),(85200683,0.6),(51081186,0.3),(63422475,0.3),(70060890,0.0),]
12-mar-2018 0.00.00[(42879545,2.1000001),(27185135,1.5),(73116038,1.2),(36369215,0.90000004),(51506193,0.90000004),(85208353,0.90000004),(66979687,0.3),(70890972,0.3),(82402829,0.3),(8285311,0.3),]
13-mar-2018 0.00.00[(30006326,0.90000004),(64027912,0.6),(46990856,0.3),(6426535,0.3),(53667369,0.0),(58931071,0.0),(63064122,0.0),(69583330,0.0),(79549127,0.0),(84615806,0.0),]
14-mar-2018 0.00.00[(51388261,1.2),(63537297,0.3),(60640824,0.0),(62242038,0.0),(76829741,0.0),(79319765,0.0),(83641904,0.0),(85236502,0.0),(85243087,0.0),(85243315,0.0),]
15-mar-2018 0.00.00[(63103986,2.1000001),(35277877,0.6),(60641078,0.6),(68488457,0.3),(17995566,0.0),(64713345,0.0),(84669626,0.0),(85250033,0.0),(85256498,0.0),(85256509,0.0),]
16-mar-2018 0.00.00[(51609236,0.6),(59842247,0.3),(85264461,0.3),(85264612,0.0),(85267362,0.0),]
17-mar-2018 0.00.00[(26702451,0.0),(79181712,0.0),]
18-mar-2018 0.00.00[(67590681,6.0),(48410400,1.2),(64711146,0.0),(65895136,0.0),(78931478,0.0),]
19-mar-2018 0.00.00[(12626070,1.5),(1184284,0.90000004),(66441569,0.90000004),(71280836,0.3),(82930525,0.0),(84740112,0.0),(84745826,0.0),(85269835,0.0),(85309691,0.0),(85309840,0.0),]
20-mar-2018 0.00.00[(9549801,0.90000004),(73562064,0.6),(55988245,0.3),(82295726,0.0),(85317838,0.0),(85325807,0.0),(85331532,0.0),]
21-mar-2018 0.00.00[(30166365,1.5),(12889273,0.6),(65909036,0.6),(79234769,0.6),(43989240,0.0),(85347350,0.0),]
22-mar-2018 0.00.00[(58602547,1.0),(1695194,0.6),(49583133,0.0),(67959280,0.0),(68043899,0.0),(81077287,0.0),(84724895,0.0),]
23-mar-2018 0.00.00[(85372754,2.1),(46946261,1.2),(85372693,0.7),(50170294,0.3),(52811626,0.0),(70247159,0.0),(84740171,0.0),(84740194,0.0),(85366214,0.0),(85367122,0.0),]
24-mar-2018 0.00.00[(40957453,1.2),(85378440,0.0),(85379114,0.0),(85384796,0.0),(85387469,0.0),]
25-mar-2018 0.00.00[(37475235,0.90000004),(15285384,0.3),(78826773,0.3),(61616251,0.0),(85389591,0.0),(85396743,0.0),(85398476,0.0),(85400172,0.0),(9522144,0.0),]
26-mar-2018 0.00.00[(66180994,2.4),(11237620,1.2),(47249146,0.0),(66500054,0.0),(82311758,0.0),(85403094,0.0),(85403107,0.0),(85407829,0.0),(85408582,0.0),(85408630,0.0),]
27-mar-2018 0.00.00[(3959098,1.2),(76885022,1.2),(85417152,0.7),(30650487,0.3),(28836753,0.0),(85417442,0.0),(85417687,0.0),(85418065,0.0),(85418268,0.0),(85418455,0.0),]
28-mar-2018 0.00.00[(54620191,0.90000004),(23602170,0.6),(61744342,0.0),(85424374,0.0),(85432601,0.0),(85432796,0.0),(85432803,0.0),(85432931,0.0),(85433994,0.0),(85436572,0.0),]
29-mar-2018 0.00.00[(57320526,3.0),(67711219,1.3),(788867,0.3),(85455788,0.3),(766073,0.0),(85447722,0.0),(85448262,0.0),(85448677,0.0),(85452688,0.0),(85453756,0.0),]
30-mar-2018 0.00.00[(26808051,1.2),(61185114,0.3),(56607523,0.0),]
31-mar-2018 0.00.00[(20406144,0.3),(25672018,0.0),(51138185,0.0),(85478617,0.0),(85479161,0.0),(85482632,0.0),]
1-apr-2018 0.00.00[(66140900,1.2),(36218240,0.6),(31139928,0.3),(49409505,0.0),(85490265,0.0),]
2-apr-2018 0.00.00[(675571,1.2),(28129655,0.3),(37105403,0.0),(44689947,0.0),(74689120,0.0),(84669626,0.0),(85499596,0.0),(85500922,0.0),(85505307,0.0),]
3-apr-2018 0.00.00[(46148869,1.2),(63106311,0.3),(85512230,0.3),(85512593,0.3),(61185114,0.0),(85506923,0.0),(85509776,0.0),(85510085,0.0),(85511830,0.0),(85515402,0.0),]
4-apr-2018 0.00.00[(30672372,0.6),(67530043,0.3),(85519369,0.3),(81649466,0.0),(85499580,0.0),(85518429,0.0),(85520853,0.0),(85525939,0.0),]
5-apr-2018 0.00.00[(79194965,1.5),(60702762,1.0),(69106652,0.90000004),(32271878,0.6),(72946773,0.3),(85398693,0.0),(85529212,0.0),(85534119,0.0),(85539119,0.0),]
6-apr-2018 0.00.00[(77809927,0.90000004),(72389189,0.3),(58089209,0.0),(85541673,0.0),]
7-apr-2018 0.00.00[(3630212,0.6),(12858956,0.0),(75947717,0.0),]
8-apr-2018 0.00.00[(20868381,0.0),(85565109,0.0),]
9-apr-2018 0.00.00[(68996657,0.7),(85580682,0.3),(78169502,0.0),(82352203,0.0),(85580281,0.0),]
10-apr-2018 0.00.00[(59105249,0.90000004),(85591203,0.3),(67843113,0.0),(84839612,0.0),]
11-apr-2018 0.00.00[(77745840,0.6),(30006326,0.0),(47931530,0.0),(68642140,0.0),(82352708,0.0),(85070149,0.0),(85237601,0.0),(85237662,0.0),(85237669,0.0),(85237671,0.0),]
12-apr-2018 0.00.00[(65737693,0.3),(23394662,0.0),(64637942,0.0),(85620061,0.0),(85623895,0.0),(8820714,0.0),]
13-apr-2018 0.00.00[(84882422,0.0),(85629778,0.0),(85635357,0.0),]
14-apr-2018 0.00.00[(42982778,0.0),]
15-apr-2018 0.00.00[(20365654,1.0),(39829394,0.0),(69219059,0.0),]
16-apr-2018 0.00.00[(72403955,1.2),(17178177,0.3),(85664796,0.3),(15237816,0.0),(1783586,0.0),(57017653,0.0),(675571,0.0),]
17-apr-2018 0.00.00[(74489605,0.6),(31810333,0.0),(57707187,0.0),(60483065,0.0),(66093892,0.0),(68614058,0.0),(85675017,0.0),(85678927,0.0),(85681133,0.0),(85682542,0.0),]
