[KSTREAM-MAP-0000000064]: 3-dic-2017 0.00.00, [1,16,12,12,7,14,71,154,127,141,109,86,]
[KSTREAM-MAP-0000000064]: 4-dic-2017 0.00.00, [84,173,196,108,85,186,533,989,873,886,719,594,]
[KSTREAM-MAP-0000000064]: 5-dic-2017 0.00.00, [444,459,387,209,159,388,1069,1908,1743,2049,1622,1344,]
[KSTREAM-MAP-0000000064]: 6-dic-2017 0.00.00, [900,828,574,309,263,597,1587,2775,2382,2630,2163,1651,]
[KSTREAM-MAP-0000000064]: 7-dic-2017 0.00.00, [1228,1306,920,440,383,871,2329,4065,3455,3819,3210,2239,]
[KSTREAM-MAP-0000000064]: 8-dic-2017 0.00.00, [1654,1660,1109,575,466,1032,2805,4580,3702,3978,3290,2293,]
[KSTREAM-MAP-0000000064]: 9-dic-2017 0.00.00, [1686,1688,1133,587,483,1060,2890,4876,3949,4126,3421,2415,]
[KSTREAM-MAP-0000000064]: 10-dic-2017 0.00.00, [1746,1896,1267,673,532,1193,3458,5803,4836,5084,4250,3318,]
[KSTREAM-MAP-0000000064]: 11-dic-2017 0.00.00, [2369,2322,1547,807,622,1358,4141,7134,6004,5915,4823,3858,]
[KSTREAM-MAP-0000000064]: 12-dic-2017 0.00.00, [2682,2626,1708,907,679,1478,4551,7986,6705,6494,5472,4500,]
[KSTREAM-MAP-0000000064]: 13-dic-2017 0.00.00, [3069,2924,1871,1001,739,1642,5287,9026,7820,7178,5965,4944,]
[KSTREAM-MAP-0000000064]: 14-dic-2017 0.00.00, [3474,3355,2210,1175,865,1914,5986,9937,8594,8103,6561,5345,]
[KSTREAM-MAP-0000000064]: 15-dic-2017 0.00.00, [3757,3716,2523,1330,953,2116,6408,10413,8743,8214,6872,5685,]
[KSTREAM-MAP-0000000064]: 16-dic-2017 0.00.00, [3979,3931,2691,1414,1023,2198,6676,10962,9231,8508,6956,5784,]
[KSTREAM-MAP-0000000064]: 17-dic-2017 0.00.00, [4036,4099,2814,1488,1076,2305,6959,11590,9767,8889,7227,5919,]
[KSTREAM-MAP-0000000064]: 18-dic-2017 0.00.00, [4456,4473,3056,1635,1147,2479,7586,12565,10771,9676,7829,6106,]
[KSTREAM-MAP-0000000064]: 19-dic-2017 0.00.00, [4591,4622,3226,1700,1197,2630,8265,13610,11854,10752,8513,6496,]
[KSTREAM-MAP-0000000064]: 20-dic-2017 0.00.00, [4803,4759,3300,1739,1228,2671,8370,13795,12097,10990,8732,6767,]
[KSTREAM-MAP-0000000064]: 21-dic-2017 0.00.00, [4985,4987,3519,1859,1292,2881,8953,14780,12903,11642,9249,7229,]
[KSTREAM-MAP-0000000064]: 22-dic-2017 0.00.00, [5273,5301,3809,2026,1383,3097,9355,15170,13226,11981,9733,7666,]
[KSTREAM-MAP-0000000064]: 23-dic-2017 0.00.00, [5664,5624,4020,2165,1461,3219,9579,15496,13879,12342,10026,7768,]
[KSTREAM-MAP-0000000064]: 24-dic-2017 0.00.00, [5796,5973,4235,2251,1538,3449,10097,16339,14840,13258,10591,8267,]
[KSTREAM-MAP-0000000064]: 25-dic-2017 0.00.00, [6298,6404,4495,2340,1630,3641,10754,17566,15931,14001,11251,8755,]
[KSTREAM-MAP-0000000064]: 26-dic-2017 0.00.00, [6794,6759,4821,2490,1737,3945,11461,18718,16778,14880,11854,9198,]
[KSTREAM-MAP-0000000064]: 27-dic-2017 0.00.00, [7249,7249,5081,2632,1858,4212,12182,19778,17764,15925,12700,9989,]
[KSTREAM-MAP-0000000064]: 28-dic-2017 0.00.00, [7886,8126,5555,2857,2032,4552,12939,20581,18488,16403,13083,10308,]
[KSTREAM-MAP-0000000064]: 29-dic-2017 0.00.00, [8181,8330,5711,2947,2093,4668,13200,21038,18835,16568,13287,10532,]
[KSTREAM-MAP-0000000064]: 30-dic-2017 0.00.00, [8485,8574,5876,3029,2122,4717,13392,21393,19218,16788,13501,10660,]
[KSTREAM-MAP-0000000064]: 31-dic-2017 0.00.00, [8598,8957,6072,3131,2231,4909,14088,22538,20214,17717,14003,11209,]
[KSTREAM-MAP-0000000064]: 1-gen-2018 0.00.00, [9334,9572,6428,3300,2340,5186,14744,23819,21204,18266,14508,11669,]
[KSTREAM-MAP-0000000064]: 2-gen-2018 0.00.00, [9707,9847,6550,3353,2365,5234,14842,23935,21330,18286,14469,11627,]
[KSTREAM-MAP-0000000064]: 3-gen-2018 0.00.00, [9685,9766,6514,3341,2345,5222,14955,23824,21323,18099,14511,11566,]
[KSTREAM-MAP-0000000064]: 4-gen-2018 0.00.00, [9722,9927,6672,3426,2416,5367,15385,24361,21503,18078,14353,11434,]
[KSTREAM-MAP-0000000064]: 5-gen-2018 0.00.00, [9684,9887,6809,3489,2404,5368,15337,24027,21247,17853,14181,11398,]
[KSTREAM-MAP-0000000064]: 6-gen-2018 0.00.00, [9586,9636,6570,3424,2329,5177,14898,23202,20521,16852,13362,10963,]
[KSTREAM-MAP-0000000064]: 7-gen-2018 0.00.00, [9250,9523,6619,3420,2311,5153,15068,23828,21700,17753,14311,11678,]
[KSTREAM-MAP-0000000064]: 8-gen-2018 0.00.00, [9672,9774,6806,3515,2362,5316,15649,24435,22279,18234,15022,12188,]
[KSTREAM-MAP-0000000064]: 9-gen-2018 0.00.00, [10103,9903,6880,3543,2396,5402,15843,24622,22317,18034,14714,11643,]
[KSTREAM-MAP-0000000064]: 10-gen-2018 0.00.00, [9728,9869,6824,3538,2413,5463,15813,24306,21909,17771,14674,11572,]
[KSTREAM-MAP-0000000064]: 11-gen-2018 0.00.00, [9914,9976,6971,3597,2470,5606,15884,24148,21818,17792,14574,11621,]
[KSTREAM-MAP-0000000064]: 12-gen-2018 0.00.00, [9933,10099,7208,3702,2549,5713,15862,23786,21166,17358,14343,11465,]
[KSTREAM-MAP-0000000064]: 13-gen-2018 0.00.00, [9950,10045,7177,3682,2520,5616,15514,23391,20839,16647,14167,11454,]
[KSTREAM-MAP-0000000064]: 14-gen-2018 0.00.00, [9934,9946,7065,3627,2485,5587,15823,23800,21521,17499,14447,11527,]
[KSTREAM-MAP-0000000064]: 15-gen-2018 0.00.00, [10037,10066,7109,3639,2466,5660,16086,24128,22254,18131,15059,12092,]
[KSTREAM-MAP-0000000064]: 16-gen-2018 0.00.00, [10402,10227,7179,3669,2471,5710,16243,24554,22936,18768,15790,12672,]
[KSTREAM-MAP-0000000064]: 17-gen-2018 0.00.00, [10423,10400,7318,3726,2533,5854,16723,25129,23113,18719,16048,13237,]
[KSTREAM-MAP-0000000064]: 18-gen-2018 0.00.00, [10834,10643,7483,3895,2635,6061,17080,25365,23147,18753,16519,13439,]
[KSTREAM-MAP-0000000064]: 19-gen-2018 0.00.00, [10952,10865,7664,4061,2724,6240,17534,25857,23273,18646,16774,13628,]
[KSTREAM-MAP-0000000064]: 20-gen-2018 0.00.00, [11259,11087,7736,4107,2775,6235,17400,25507,22847,18110,16324,13218,]
[KSTREAM-MAP-0000000064]: 21-gen-2018 0.00.00, [11080,11014,7623,4037,2746,6163,17392,25770,23031,18072,15961,12908,]
[KSTREAM-MAP-0000000064]: 22-gen-2018 0.00.00, [10834,11002,7591,4015,2741,6232,17860,26515,23511,18598,16446,13499,]
[KSTREAM-MAP-0000000064]: 23-gen-2018 0.00.00, [11230,11083,7677,4093,2773,6274,18122,27206,23788,18364,16637,13763,]
[KSTREAM-MAP-0000000064]: 24-gen-2018 0.00.00, [11113,11048,7768,4160,2812,6326,18131,27151,23724,18239,16431,13661,]
[KSTREAM-MAP-0000000064]: 25-gen-2018 0.00.00, [10999,11136,7856,4208,2845,6404,18586,27636,24380,18526,16718,13855,]
[KSTREAM-MAP-0000000064]: 26-gen-2018 0.00.00, [10908,10882,7800,4187,2803,6276,18179,27018,23648,17639,16144,13396,]
[KSTREAM-MAP-0000000064]: 27-gen-2018 0.00.00, [10593,10265,7525,4087,2696,6055,17823,26675,23388,17486,15912,13185,]
[KSTREAM-MAP-0000000064]: 28-gen-2018 0.00.00, [10430,10398,7583,4112,2704,6136,18276,27329,24104,18293,16190,13440,]
[KSTREAM-MAP-0000000064]: 29-gen-2018 0.00.00, [10808,10763,7790,4220,2820,6387,18924,28131,24668,18718,16687,14294,]
[KSTREAM-MAP-0000000064]: 30-gen-2018 0.00.00, [11196,10755,7834,4242,2798,6418,18570,27481,24025,18091,16364,13809,]
[KSTREAM-MAP-0000000064]: 31-gen-2018 0.00.00, [10523,10199,7503,4084,2696,6146,17938,26235,23115,17603,15877,13366,]
[KSTREAM-MAP-0000000064]: 1-feb-2018 0.00.00, [10164,9920,7372,4024,2667,6087,17785,25996,22876,17456,15818,13333,]
[KSTREAM-MAP-0000000064]: 2-feb-2018 0.00.00, [10115,9853,7230,3943,2611,5929,17218,25286,22152,16911,15177,12896,]
[KSTREAM-MAP-0000000064]: 3-feb-2018 0.00.00, [9725,9406,6884,3760,2466,5586,16262,23846,21109,15780,14447,12282,]
[KSTREAM-MAP-0000000064]: 4-feb-2018 0.00.00, [9314,9080,6565,3597,2374,5378,15798,23321,20731,15439,14084,12014,]
[KSTREAM-MAP-0000000064]: 5-feb-2018 0.00.00, [9090,8858,6463,3532,2329,5296,15502,22889,20397,15284,13877,11872,]
[KSTREAM-MAP-0000000064]: 6-feb-2018 0.00.00, [9004,8623,6227,3408,2266,5160,14859,21754,18981,14229,12855,11103,]
[KSTREAM-MAP-0000000064]: 7-feb-2018 0.00.00, [8551,8345,6017,3301,2198,4970,14209,20859,18171,13611,12016,10472,]
[KSTREAM-MAP-0000000064]: 8-feb-2018 0.00.00, [8064,8011,5813,3187,2115,4753,13447,19746,17249,12857,11500,10116,]
[KSTREAM-MAP-0000000064]: 9-feb-2018 0.00.00, [7818,7619,5590,3058,2008,4527,12794,18732,16490,12291,10968,9650,]
[KSTREAM-MAP-0000000064]: 10-feb-2018 0.00.00, [7319,7210,5282,2899,1894,4265,12313,18039,15881,11693,10420,8959,]
[KSTREAM-MAP-0000000064]: 11-feb-2018 0.00.00, [6914,6790,4883,2700,1757,3994,11599,17364,15426,11446,10159,8671,]
[KSTREAM-MAP-0000000064]: 12-feb-2018 0.00.00, [6493,6419,4577,2546,1660,3819,11250,16849,14979,11235,9741,8281,]
[KSTREAM-MAP-0000000064]: 13-feb-2018 0.00.00 [6226,6159,4376,2446,1607,3646,10520,15967,14150,10273,9151,7869,]
[KSTREAM-MAP-0000000064]: 14-feb-2018 0.00.00 [5903,5824,4164,2350,1556,3491,9989,15103,12932,9348,8455,7210,]
[KSTREAM-MAP-0000000064]: 15-feb-2018 0.00.00 [5482,5497,3971,2246,1498,3334,9550,14050,11714,8330,7453,6495,]
[KSTREAM-MAP-0000000064]: 16-feb-2018 0.00.00 [5041,4951,3590,2042,1365,3016,8443,12501,10533,7592,6593,5743,]
[KSTREAM-MAP-0000000064]: 17-feb-2018 0.00.00 [4496,4559,3255,1808,1214,2658,7408,11221,9416,6482,5439,5151,]
[KSTREAM-MAP-0000000064]: 18-feb-2018 0.00.00 [4168,4201,3000,1604,1094,2438,6851,10544,9050,6353,4966,4691,]
[KSTREAM-MAP-0000000064]: 19-feb-2018 0.00.00 [3680,3752,2709,1438,979,2233,6402,9911,8672,6237,4900,4639,]
[KSTREAM-MAP-0000000064]: 20-feb-2018 0.00.00 [3573,3511,2532,1342,917,2090,6008,9259,8165,5937,4779,4512,]
[KSTREAM-MAP-0000000064]: 21-feb-2018 0.00.00 [3428,3200,2353,1226,844,1899,5319,8189,7033,5050,4002,3819,]
[KSTREAM-MAP-0000000064]: 22-feb-2018 0.00.00 [2904,2770,2052,1062,736,1629,4539,6657,5800,4374,3250,3058,]
[KSTREAM-MAP-0000000064]: 23-feb-2018 0.00.00 [2520,2375,1702,906,605,1385,3873,5485,4774,3756,2797,2672,]
[KSTREAM-MAP-0000000064]: 24-feb-2018 0.00.00 [2139,1932,1288,708,466,1003,2712,3848,3273,2593,1909,2035,]
[KSTREAM-MAP-0000000064]: 25-feb-2018 0.00.00 [1777,1697,1084,587,387,864,2399,3411,3020,2436,1638,1704,]
[KSTREAM-MAP-0000000064]: 26-feb-2018 0.00.00 [1462,1440,887,462,321,745,2000,2956,2556,2113,1487,1599,]
[KSTREAM-MAP-0000000064]: 27-feb-2018 0.00.00 [1335,1104,673,348,254,548,1286,1846,1496,1142,1008,1121,]
[KSTREAM-MAP-0000000064]: 28-feb-2018 0.00.00 [655,497,301,158,109,248,447,690,552,499,298,139,]
[KSTREAM-MAP-0000000064]: 1-mar-2018 0.00.00 [155,123,61,34,22,25,105,196,199,197,119,75,]
[KSTREAM-MAP-0000000064]: 2-mar-2018 0.00.00 [92,64,36,23,15,20,82,162,121,136,101,60,]
[KSTREAM-MAP-0000000064]: 3-mar-2018 0.00.00 [77,52,34,18,12,17,66,133,108,123,90,49,]
[KSTREAM-MAP-0000000064]: 4-mar-2018 0.00.00 [66,44,28,15,10,15,58,121,95,110,80,41,]
[KSTREAM-MAP-0000000064]: 5-mar-2018 0.00.00 [60,44,25,12,10,11,51,108,92,99,66,37,]
