[KSTREAM-MAP-0000000047]: 26-dic-2017 0.00.00, [1,16,12,12,7,14,71,154,127,141,109,86,]
[KSTREAM-MAP-0000000047]: 27-dic-2017 0.00.00, [84,173,196,108,85,186,533,989,873,886,719,594,]
[KSTREAM-MAP-0000000047]: 28-dic-2017 0.00.00, [444,459,387,209,159,388,1069,1908,1743,2049,1622,1344,]
[KSTREAM-MAP-0000000047]: 29-dic-2017 0.00.00, [900,828,574,309,263,597,1587,2775,2382,2630,2163,1651,]
[KSTREAM-MAP-0000000047]: 30-dic-2017 0.00.00, [1228,1306,920,440,383,871,2329,4065,3455,3819,3210,2239,]
[KSTREAM-MAP-0000000047]: 31-dic-2017 0.00.00, [1654,1660,1109,575,466,1032,2805,4580,3702,3978,3290,2293,]
[KSTREAM-MAP-0000000047]: 1-gen-2018 0.00.00, [1686,1688,1133,587,483,1060,2890,4876,3949,4126,3421,2415,]
[KSTREAM-MAP-0000000047]: 2-gen-2018 0.00.00, [1745,1880,1255,661,525,1179,3387,5649,4709,4943,4141,3232,]
[KSTREAM-MAP-0000000047]: 3-gen-2018 0.00.00, [2285,2149,1351,699,537,1172,3608,6145,5131,5029,4104,3264,]
[KSTREAM-MAP-0000000047]: 4-gen-2018 0.00.00, [2238,2167,1321,698,520,1090,3482,6078,4962,4445,3850,3156,]
[KSTREAM-MAP-0000000047]: 5-gen-2018 0.00.00, [2169,2096,1297,692,476,1045,3700,6251,5438,4548,3802,3293,]
[KSTREAM-MAP-0000000047]: 6-gen-2018 0.00.00, [2246,2049,1290,735,482,1043,3657,5872,5139,4284,3351,3106,]
[KSTREAM-MAP-0000000047]: 7-gen-2018 0.00.00, [2103,2056,1414,755,487,1084,3603,5833,5041,4236,3582,3392,]
[KSTREAM-MAP-0000000047]: 8-gen-2018 0.00.00, [2293,2243,1558,827,540,1138,3786,6086,5282,4382,3535,3369,]
[KSTREAM-MAP-0000000047]: 9-gen-2018 0.00.00, [2290,2203,1547,815,544,1112,3501,5787,4931,3805,2977,2601,]
[KSTREAM-MAP-0000000047]: 10-gen-2018 0.00.00, [2087,2151,1509,828,525,1121,3445,5431,4767,3761,3006,2248,]
[KSTREAM-MAP-0000000047]: 11-gen-2018 0.00.00, [1909,1996,1518,793,518,1152,3714,5624,5149,4258,3041,1996,]
[KSTREAM-MAP-0000000047]: 12-gen-2018 0.00.00, [1734,1835,1429,738,489,1029,3083,4769,4277,3812,2767,1823,]
[KSTREAM-MAP-0000000047]: 13-gen-2018 0.00.00, [1511,1632,1309,684,427,967,2967,4843,4309,3539,2688,1884,]
[KSTREAM-MAP-0000000047]: 14-gen-2018 0.00.00, [1516,1585,1286,696,430,981,2947,4757,4483,3767,2861,1981,]
[KSTREAM-MAP-0000000047]: 15-gen-2018 0.00.00, [1685,1693,1329,751,438,1021,2903,4534,4648,3834,3070,1984,]
[KSTREAM-MAP-0000000047]: 16-gen-2018 0.00.00, [1760,1874,1421,763,462,1144,3138,4749,5073,4369,3364,2348,]
[KSTREAM-MAP-0000000047]: 17-gen-2018 0.00.00, [1842,1931,1439,705,483,1162,3168,5001,5160,4325,3422,2649,]
[KSTREAM-MAP-0000000047]: 18-gen-2018 0.00.00, [2203,2137,1595,790,540,1315,3196,5108,4924,4128,3341,2702,]
[KSTREAM-MAP-0000000047]: 19-gen-2018 0.00.00, [2446,2490,1781,893,630,1541,3812,5983,5667,4935,3968,3222,]
[KSTREAM-MAP-0000000047]: 20-gen-2018 0.00.00, [2901,3139,2036,998,740,1671,3986,5801,5585,4761,3834,3079,]
[KSTREAM-MAP-0000000047]: 21-gen-2018 0.00.00, [2908,3029,1902,921,710,1571,3845,5868,5609,4587,3554,2866,]
[KSTREAM-MAP-0000000047]: 22-gen-2018 0.00.00, [2821,2950,1856,864,661,1498,3813,5897,5339,4446,3475,2892,]
[KSTREAM-MAP-0000000047]: 23-gen-2018 0.00.00, [2802,2984,1837,880,693,1460,3991,6199,5374,4459,3412,2942,]
[KSTREAM-MAP-0000000047]: 24-gen-2018 0.00.00, [3036,3168,1933,960,710,1545,3990,6253,5273,4265,3257,2914,]
[KSTREAM-MAP-0000000047]: 25-gen-2018 0.00.00, [2914,3104,1741,875,635,1303,3452,5371,4679,3547,2724,2515,]
[KSTREAM-MAP-0000000047]: 26-gen-2018 0.00.00, [2520,2690,1629,817,572,1196,3306,5035,4432,3060,2530,2171,]
[KSTREAM-MAP-0000000047]: 27-gen-2018 0.00.00, [2280,2260,1504,778,543,1203,3515,5688,4758,3724,2892,2470,]
[KSTREAM-MAP-0000000047]: 28-gen-2018 0.00.00, [2403,2385,1672,851,574,1297,3724,5764,4794,3915,3057,2517,]
[KSTREAM-MAP-0000000047]: 29-gen-2018 0.00.00, [2329,2368,1614,835,590,1331,3835,5874,4758,3883,3071,2542,]
[KSTREAM-MAP-0000000047]: 30-gen-2018 0.00.00, [2306,2226,1656,864,546,1276,3785,5870,5188,4014,3598,2762,]
[KSTREAM-MAP-0000000047]: 31-gen-2018 0.00.00, [2024,1890,1511,802,505,1190,3795,5492,5024,4094,3935,2934,]
[KSTREAM-MAP-0000000047]: 1-feb-2018 0.00.00, [2141,1936,1585,851,556,1347,4388,6336,5696,4691,4386,3248,]
[KSTREAM-MAP-0000000047]: 2-feb-2018 0.00.00, [2328,2252,1661,896,605,1413,4466,6627,5717,4701,4267,3270,]
[KSTREAM-MAP-0000000047]: 3-feb-2018 0.00.00, [2430,2216,1620,869,574,1329,3981,5865,5277,4159,4071,3343,]
[KSTREAM-MAP-0000000047]: 4-feb-2018 0.00.00, [2418,2308,1696,905,621,1390,4225,6010,5357,4053,3964,3360,]
[KSTREAM-MAP-0000000047]: 5-feb-2018 0.00.00, [2610,2458,1897,993,673,1482,4273,6061,5457,4079,4156,3597,]
[KSTREAM-MAP-0000000047]: 6-feb-2018 0.00.00, [2787,2479,1860,962,661,1518,4358,5805,4862,3982,3718,3241,]
[KSTREAM-MAP-0000000047]: 7-feb-2018 0.00.00, [2658,2535,1861,951,644,1482,4223,5779,5257,4279,3572,3273,]
[KSTREAM-MAP-0000000047]: 8-feb-2018 0.00.00, [2589,2527,1846,941,619,1420,3901,5719,5550,4539,4053,3630,]
[KSTREAM-MAP-0000000047]: 9-feb-2018 0.00.00, [2782,2682,2003,1016,645,1512,4355,6254,5971,4709,4380,3913,]
[KSTREAM-MAP-0000000047]: 10-feb-2018 0.00.00, [2829,2663,2030,1091,683,1607,4910,6841,6478,5219,4986,3814,]
[KSTREAM-MAP-0000000047]: 11-feb-2018 0.00.00, [2753,2601,1885,1097,664,1556,4755,6840,6384,5100,5198,3986,]
[KSTREAM-MAP-0000000047]: 12-feb-2018 0.00.00, [2820,2674,1868,1109,682,1586,4853,6959,6317,5002,4845,3648,]
[KSTREAM-MAP-0000000047]: 13-feb-2018 0.00.00, [2662,2653,1844,1106,691,1557,4516,6727,5993,4340,4375,3362,]
[KSTREAM-MAP-0000000047]: 14-feb-2018 0.00.00, [2482,2629,1811,1127,713,1593,4677,6921,5905,4301,4457,3391,]
[KSTREAM-MAP-0000000047]: 15-feb-2018 0.00.00, [2588,2730,1919,1187,764,1708,5017,7401,5925,3965,4211,3439,]
[KSTREAM-MAP-0000000047]: 16-feb-2018 0.00.00, [2532,2579,1889,1139,762,1634,4576,7023,5771,3845,3805,3073,]
[KSTREAM-MAP-0000000047]: 17-feb-2018 0.00.00, [2368,2630,1968,1103,750,1658,4702,7379,6157,3901,3540,3118,]
[KSTREAM-MAP-0000000047]: 18-feb-2018 0.00.00, [2402,2507,1917,1019,709,1577,4457,7144,6042,3928,3338,2990,]
[KSTREAM-MAP-0000000047]: 19-feb-2018 0.00.00, [2235,2317,1825,978,661,1491,4409,6969,6126,4137,3422,3046,]
[KSTREAM-MAP-0000000047]: 20-feb-2018 0.00.00, [2258,2413,1862,996,668,1544,4729,7427,6682,4808,3783,3398,]
[KSTREAM-MAP-0000000047]: 21-feb-2018 0.00.00, [2795,2711,2055,1069,740,1653,4877,7513,6496,4566,3716,3687,]
[KSTREAM-MAP-0000000047]: 22-feb-2018 0.00.00, [2768,2656,1994,1029,718,1604,4439,6474,5611,4186,3139,2988,]
[KSTREAM-MAP-0000000047]: 23-feb-2018 0.00.00, [2446,2319,1668,884,594,1365,3797,5337,4664,3629,2703,2619,]
[KSTREAM-MAP-0000000047]: 24-feb-2018 0.00.00, [2079,1888,1257,691,457,986,2651,3731,3175,2477,1824,1993,]
[KSTREAM-MAP-0000000047]: 25-feb-2018 0.00.00, [1727,1661,1059,573,380,849,2345,3303,2936,2332,1563,1671,]
[KSTREAM-MAP-0000000047]: 26-feb-2018 0.00.00, [1412,1401,863,451,313,734,1954,2859,2479,2018,1427,1567,]
[KSTREAM-MAP-0000000047]: 27-feb-2018 0.00.00, [1287,1067,654,336,244,539,1246,1756,1421,1061,951,1091,]
[KSTREAM-MAP-0000000047]: 28-feb-2018 0.00.00, [611,463,287,147,99,240,413,632,487,449,261,120,]
[KSTREAM-MAP-0000000047]: 1-mar-2018 0.00.00, [114,94,49,30,14,18,74,143,144,152,89,56,]
[KSTREAM-MAP-0000000047]: 2-mar-2018 0.00.00, [52,36,25,19,7,14,66,116,80,102,74,40,]
[KSTREAM-MAP-0000000047]: 3-mar-2018 0.00.00, [41,27,26,14,4,13,50,86,69,92,68,31,]
[KSTREAM-MAP-0000000047]: 4-mar-2018 0.00.00, [31,18,21,11,2,11,42,73,55,81,58,24,]
[KSTREAM-MAP-0000000047]: 5-mar-2018 0.00.00, [24,20,18,8,2,8,32,58,49,72,44,20,]
[KSTREAM-MAP-0000000047]: 6-mar-2018 0.00.00, [18,18,14,8,4,6,26,53,52,60,39,17,]
[KSTREAM-MAP-0000000047]: 7-mar-2018 0.00.00, [13,19,11,7,4,5,21,21,39,30,20,6,]
[KSTREAM-MAP-0000000047]: 8-mar-2018 0.00.00, [9,15,9,0,2,4,19,18,31,26,14,7,]
[KSTREAM-MAP-0000000047]: 9-mar-2018 0.00.00, [10,14,8,0,2,3,3,23,18,16,11,11,]
[KSTREAM-MAP-0000000047]: 10-mar-2018 0.00.00, [7,13,4,0,2,1,4,23,15,12,6,9,]
[KSTREAM-MAP-0000000047]: 11-mar-2018 0.00.00, [5,14,3,0,2,1,4,23,14,10,5,6,]
[KSTREAM-MAP-0000000047]: 12-mar-2018 0.00.00, [6,12,3,0,3,0,5,23,13,8,5,6,]
[KSTREAM-MAP-0000000047]: 13-mar-2018 0.00.00, [7,12,2,1,1,0,7,20,8,7,5,6,]
[KSTREAM-MAP-0000000047]: 14-mar-2018 0.00.00, [7,7,0,1,1,0,5,21,10,4,4,6,]
[KSTREAM-MAP-0000000047]: 15-mar-2018 0.00.00, [9,5,0,2,1,1,4,19,8,4,3,5,]
[KSTREAM-MAP-0000000047]: 17-mar-2018 0.00.00 [10,3,0,3,2,3,6,8,11,9,8,2,]
[KSTREAM-MAP-0000000047]: 18-mar-2018 0.00.00 [11,3,1,3,2,3,6,7,12,9,9,2,]
[KSTREAM-MAP-0000000047]: 19-mar-2018 0.00.00 [11,3,1,3,2,3,6,6,14,12,10,2,]
[KSTREAM-MAP-0000000047]: 20-mar-2018 0.00.00 [11,3,1,2,2,3,5,11,12,11,10,3,]
[KSTREAM-MAP-0000000047]: 21-mar-2018 0.00.00 [17,5,3,2,3,3,7,14,10,13,9,6,]
[KSTREAM-MAP-0000000047]: 22-mar-2018 0.00.00 [20,6,3,2,5,2,7,14,13,13,12,7,]
[KSTREAM-MAP-0000000047]: 23-mar-2018 0.00.00 [22,8,3,1,5,2,5,14,15,15,12,7,]
[KSTREAM-MAP-0000000047]: 24-mar-2018 0.00.00 [19,9,3,1,4,0,5,13,10,9,8,5,]
[KSTREAM-MAP-0000000047]: 25-mar-2018 0.00.00 [18,8,2,1,4,0,6,14,11,9,7,7,]
[KSTREAM-MAP-0000000047]: 26-mar-2018 0.00.00 [17,8,3,1,3,0,5,16,10,7,5,7,]
[KSTREAM-MAP-0000000047]: 27-mar-2018 0.00.00 [16,8,3,1,3,0,4,13,11,6,5,8,]
[KSTREAM-MAP-0000000047]: 28-mar-2018 0.00.00 [10,5,1,1,2,0,5,11,15,4,6,5,]
[KSTREAM-MAP-0000000047]: 29-mar-2018 0.00.00 [5,5,2,0,0,1,7,11,13,3,4,4,]
[KSTREAM-MAP-0000000047]: 30-mar-2018 0.00.00 [4,3,2,0,1,1,7,12,12,1,4,5,]
