1-gen-2018 0.00.00,1,16,12,12,7,14,71,154,127,141,109,86,
2-gen-2018 0.00.00,83,157,184,96,78,172,462,835,746,745,610,508,
3-gen-2018 0.00.00,360,286,191,101,74,202,536,919,870,1163,903,750,
4-gen-2018 0.00.00,456,369,187,100,104,209,518,867,639,581,541,307,
5-gen-2018 0.00.00,328,478,346,131,120,274,742,1290,1073,1189,1047,588,
6-gen-2018 0.00.00,426,354,189,135,83,161,476,515,247,159,80,54,
7-gen-2018 0.00.00,32,28,24,12,17,28,85,296,247,148,131,122,
8-gen-2018 0.00.00,60,208,134,86,49,133,568,927,887,958,829,903,
9-gen-2018 0.00.00,623,426,280,134,90,165,683,1331,1168,831,573,540,
10-gen-2018 0.00.00,313,304,161,100,57,120,410,852,701,579,649,642,
11-gen-2018 0.00.00,387,298,163,94,60,164,736,1040,1115,684,493,444,
12-gen-2018 0.00.00,405,431,339,174,126,272,699,911,774,925,596,401,
13-gen-2018 0.00.00,283,361,313,155,88,202,422,476,149,111,311,340,
14-gen-2018 0.00.00,222,215,168,84,70,82,268,549,488,294,84,99,
15-gen-2018 0.00.00,57,168,123,74,53,107,283,628,536,381,271,135,
16-gen-2018 0.00.00,420,374,242,147,71,174,627,975,1004,787,602,187,
17-gen-2018 0.00.00,135,149,170,65,50,151,679,1045,1083,1076,684,390,
18-gen-2018 0.00.00,212,137,74,39,31,41,105,185,243,238,219,271,
19-gen-2018 0.00.00,182,228,219,120,64,210,583,985,806,652,517,462,
20-gen-2018 0.00.00,288,314,290,167,91,216,402,390,323,339,484,437,
21-gen-2018 0.00.00,391,323,211,139,78,122,224,326,653,361,293,102,
22-gen-2018 0.00.00,132,349,215,86,77,230,518,843,961,916,565,499,
23-gen-2018 0.00.00,502,431,260,89,92,192,657,1227,1091,743,660,488,
24-gen-2018 0.00.00,496,355,326,150,107,304,707,1152,847,879,603,443,
25-gen-2018 0.00.00,455,490,260,142,121,267,721,1060,986,1045,846,791,
26-gen-2018 0.00.00,637,877,474,225,174,340,757,803,724,478,383,319,
27-gen-2018 0.00.00,295,204,156,90,61,116,261,457,347,165,204,224,
28-gen-2018 0.00.00,304,244,165,82,29,49,192,355,383,220,214,128,
29-gen-2018 0.00.00,113,383,196,102,109,192,696,1145,996,929,502,549,
30-gen-2018 0.00.00,736,615,356,169,109,277,656,1281,990,549,505,460,
31-gen-2018 0.00.00,374,291,134,65,32,62,169,270,253,161,70,44,
1-feb-2018 0.00.00,61,76,148,84,58,160,575,724,739,558,652,447,
2-feb-2018 0.00.00,397,447,349,186,145,347,966,1456,1050,1142,745,618,
3-feb-2018 0.00.00,418,329,324,163,92,210,470,533,383,356,369,271,
4-feb-2018 0.00.00,230,227,107,66,45,83,303,465,347,188,228,153,
5-feb-2018 0.00.00,90,241,238,131,65,137,646,1141,1426,1060,1029,769,
6-feb-2018 0.00.00,454,279,211,107,68,191,666,903,826,629,842,632,
7-feb-2018 0.00.00,491,337,208,114,83,219,762,1114,925,758,521,358,
8-feb-2018 0.00.00,248,392,224,129,107,226,653,1015,760,568,533,469,
9-feb-2018 0.00.00,499,411,308,159,114,263,481,694,610,600,549,691,
10-feb-2018 0.00.00,406,421,400,199,139,271,714,678,463,250,262,288,
11-feb-2018 0.00.00,422,377,308,154,97,175,351,516,447,214,420,390,
12-feb-2018 0.00.00,267,262,201,100,53,173,731,885,831,963,591,413,
13-feb-2018 0.00.00,325,335,212,96,51,155,531,877,1221,926,696,664,
14-feb-2018 0.00.00,422,329,193,104,58,157,440,1054,1218,1018,1002,715,
15-feb-2018 0.00.00,441,547,381,204,133,318,1107,1550,1181,738,860,752,
16-feb-2018 0.00.00,546,392,335,234,152,358,1036,1281,1117,1110,1155,592,
17-feb-2018 0.00.00,330,359,255,205,120,220,559,677,369,131,474,460,
18-feb-2018 0.00.00,489,450,291,166,115,205,449,635,380,116,67,52,
19-feb-2018 0.00.00,109,241,177,97,62,144,394,653,507,301,121,127,
20-feb-2018 0.00.00,145,311,179,117,73,191,692,1071,1133,887,778,693,
21-feb-2018 0.00.00,528,430,301,164,109,272,780,1534,1238,682,756,763,
22-feb-2018 0.00.00,385,396,351,156,131,244,666,1172,1027,618,454,386,
23-feb-2018 0.00.00,382,443,414,198,140,382,1162,1637,1503,1166,890,637,
24-feb-2018 0.00.00,364,236,204,121,79,139,314,442,254,158,272,332,
25-feb-2018 0.00.00,322,260,199,125,67,119,401,460,464,325,151,108,
26-feb-2018 0.00.00,132,337,214,115,69,197,714,1111,1063,972,482,479,
27-feb-2018 0.00.00,682,609,372,190,145,300,840,1157,947,645,711,982,
28-feb-2018 0.00.00,501,375,240,124,87,223,342,495,353,302,179,64,
1-mar-2018 0.00.00,63,59,25,11,7,5,24,35,80,61,18,17,
2-mar-2018 0.00.00,15,12,3,5,3,3,16,31,14,14,11,11,
3-mar-2018 0.00.00,12,9,6,3,2,2,8,14,15,13,11,10,
4-mar-2018 0.00.00,7,0,3,3,0,4,10,16,7,11,15,4,
5-mar-2018 0.00.00,7,3,5,0,0,2,6,8,5,15,6,3,
6-mar-2018 0.00.00,6,5,5,1,0,1,7,33,13,33,21,11,
7-mar-2018 0.00.00,4,6,2,7,2,1,3,6,10,5,7,0,
8-mar-2018 0.00.00,1,1,1,0,0,1,16,8,16,11,3,1,
9-mar-2018 0.00.00,4,3,4,0,0,2,0,1,3,4,5,2,
10-mar-2018 0.00.00,2,0,1,0,0,0,0,1,1,2,1,3,
11-mar-2018 2.00.00,0,2,0,0,0,1,0,1,1,2,1,0,
12-mar-2018 0.00.00,1,1,1,0,2,0,0,3,8,3,1,0,
13-mar-2018 0.00.00,1,6,2,0,0,0,2,1,0,3,2,0,
14-mar-2018 2.00.00,0,2,0,0,0,0,1,3,2,1,1,1,
15-mar-2018 0.00.00,2,0,0,0,0,0,0,13,3,1,0,5,
16-mar-2018 0.00.00,1,2,0,0,0,0,1,1,0,0,0,0,
17-mar-2018 2.00.00,0,1,0,0,0,0,0,1,0,0,0,0,
18-mar-2018 0.00.00,1,0,0,0,1,0,1,1,0,0,1,0,
19-mar-2018 0.00.00,2,1,0,1,0,0,2,0,3,2,1,0,
20-mar-2018 0.00.00,1,1,0,0,0,0,0,2,2,0,1,0,
21-mar-2018 0.00.00,2,0,0,1,0,1,0,1,0,1,0,0,
22-mar-2018 6.00.00,0,0,0,1,0,0,3,1,1,0,1,0,
23-mar-2018 0.00.00,4,0,0,0,1,2,0,2,5,6,4,2,
24-mar-2018 0.00.00,1,1,1,0,0,0,0,0,1,0,1,0,
25-mar-2018 0.00.00,1,0,0,0,1,0,1,0,2,3,2,0,
26-mar-2018 0.00.00,2,1,0,0,0,0,1,5,1,1,1,1,
27-mar-2018 0.00.00,7,3,2,0,1,0,2,5,0,2,0,3,
28-mar-2018 0.00.00,5,1,0,1,2,0,0,1,3,1,3,1,
29-mar-2018 0.00.00,2,2,0,0,0,0,1,1,3,2,1,0,
30-mar-2018 0.00.00,1,1,0,0,0,0,0,1,0,0,0,0,
31-mar-2018 12.00.00,0,0,0,0,0,0,1,1,2,0,0,2,
1-apr-2018 4.00.00,0,0,1,0,0,0,0,2,1,1,0,0,
2-apr-2018 0.00.00,1,1,0,0,0,0,0,2,2,0,1,2,
3-apr-2018 0.00.00,1,0,0,0,0,0,3,3,4,0,1,0,
4-apr-2018 2.00.00,0,1,1,0,0,1,2,1,1,0,1,0,
5-apr-2018 0.00.00,1,0,0,0,1,0,1,2,2,0,1,1,
6-apr-2018 0.00.00,1,0,1,0,0,1,0,0,0,1,0,0,
7-apr-2018 0.00.00,1,0,1,0,0,0,0,1,0,0,0,0,
8-apr-2018 10.00.00,0,0,0,0,0,1,1,0,0,0,0,0,
9-apr-2018 12.00.00,0,0,0,0,0,0,1,2,2,0,1,0,
10-apr-2018 4.00.00,0,0,1,0,0,0,0,1,1,1,0,0,
11-apr-2018 6.00.00,0,0,0,20,1,0,2,2,0,1,1,0,
12-apr-2018 0.00.00,1,2,0,0,0,0,0,0,0,2,0,1,
13-apr-2018 14.00.00,0,0,0,0,0,0,0,1,1,0,0,1,
14-apr-2018 18.00.00,0,0,0,0,0,0,0,0,0,1,0,0,
15-apr-2018 14.00.00,0,0,0,0,0,0,0,1,0,1,0,1,
16-apr-2018 0.00.00,1,0,0,1,0,0,0,1,1,1,0,2,
17-apr-2018 6.00.00,0,0,0,1,0,1,0,3,1,1,2,1,
