1-gen-2018 0.00.00,1686,1688,1133,587,483,1060,2890,4876,3949,4126,3421,2415,
8-gen-2018 0.00.00,2293,2243,1558,827,540,1138,3786,6086,5282,4382,3535,3369,
15-gen-2018 0.00.00,1685,1693,1329,751,438,1021,2903,4534,4648,3834,3070,1984,
22-gen-2018 0.00.00,2821,2950,1856,864,661,1498,3813,5897,5339,4446,3475,2892,
29-gen-2018 0.00.00,2329,2368,1614,835,590,1331,3835,5874,4758,3883,3071,2542,
5-feb-2018 0.00.00,2610,2458,1897,993,673,1482,4273,6061,5457,4079,4156,3597,
12-feb-2018 0.00.00,2820,2674,1868,1109,682,1586,4853,6959,6317,5002,4845,3648,
19-feb-2018 0.00.00,2235,2317,1825,978,661,1491,4409,6969,6126,4137,3422,3046,
26-feb-2018 0.00.00,1412,1401,863,451,313,734,1954,2859,2479,2018,1427,1567,
5-mar-2018 0.00.00,24,20,18,8,2,8,32,58,49,72,44,20,
12-mar-2018 0.00.00,6,12,3,0,3,0,5,23,13,8,5,6,
19-mar-2018 0.00.00,11,3,1,3,2,3,6,6,14,12,10,2,
26-mar-2018 0.00.00,17,8,3,1,3,0,5,16,10,7,5,7,
2-apr-2018 0.00.00,5,2,3,0,1,3,7,9,9,1,4,3,
9-apr-2018 0.00.00,1,2,1,20,1,0,3,7,4,6,2,3,
