1-gen-2018 0.00.00[(40118532,2604.8203),(2073520,2189.49),(33213475,1566.34),(57048689,1469.1001),(64646953,1347.84),(77757865,1132.56),(51878992,1117.4),(57123959,1078.3),(38331232,1072.9),(69745052,1070.5),]
8-gen-2018 0.00.00[(51878992,4918.0),(57048689,2323.1),(2073520,2302.93),(51087612,1427.65),(38331232,1355.91),(23078829,1332.42),(25141914,1222.8002),(17173195,1084.6),(36256008,954.7),(64354920,946.89),]
15-gen-2018 0.00.00[(51878992,4480.6),(2073520,3241.44),(38331232,3212.8),(57048689,2465.4001),(57123959,1375.5),(56166904,1234.5),(63591393,963.30005),(63651819,960.10004),(18426496,957.2),(65614411,933.75006),]
22-gen-2018 0.00.00[(51878992,3551.9001),(2073520,3479.9602),(38331232,2935.6304),(57048689,2146.5),(40118532,1832.8701),(12582762,1308.8),(23078829,1288.1001),(39620600,1156.1499),(57123959,1060.6),(25141914,1045.3),]
29-gen-2018 0.00.00[(51878992,3307.6003),(2073520,2667.48),(57048689,1939.4001),(25141914,1707.36),(63119682,1691.49),(40118532,1614.57),(55678593,1544.1101),(35591703,1489.1),(38331232,1360.05),(75911032,1255.64),]
5-feb-2018 0.00.00[(51878992,5604.6006),(57048689,3571.28),(2073520,2916.1),(38331232,1906.7001),(35591703,1718.3),(40118532,1435.8201),(64397379,1425.2301),(25141914,1273.1001),(33605332,1221.3002),(56166904,1114.8999),]
12-feb-2018 0.00.00[(51878992,2807.9001),(2073520,2547.93),(25141914,1864.9001),(38331232,1712.8),(57048689,1582.8),(60025659,1537.7201),(40118532,1165.43),(43644377,1110.4),(55678593,1088.6101),(47109348,1065.8201),]
19-feb-2018 0.00.00[(51878992,5698.7),(57048689,2448.7),(38331232,2313.6301),(2073520,1740.54),(40118532,1419.7701),(25141914,1403.6),(66581027,1402.3901),(72050670,1374.4501),(35980718,1258.6),(79751302,1065.03),]
26-feb-2018 0.00.00[(51878992,2830.4998),(38331232,1565.3),(57048689,1095.4),(28368780,980.94006),(72040400,815.93005),(60143183,781.44006),(56166904,777.31),(34228721,773.10004),(22502625,738.60004),(2073520,679.42),]
5-mar-2018 0.00.00[(68521406,16.5),(67961891,11.8),(10329685,10.6),(68079354,8.1),(66685223,7.9),(25020225,7.8),(84492781,7.8),(49484120,7.2000003),(67928411,7.2000003),(53165245,6.9),]
12-mar-2018 0.00.00[(67590681,6.0),(42879545,2.1000001),(63103986,2.1000001),(27185135,1.5),(48410400,1.2),(51388261,1.2),(73116038,1.2),(30006326,0.90000004),(36369215,0.90000004),(51506193,0.90000004),]
19-mar-2018 0.00.00[(85372754,2.1),(12626070,1.5),(30166365,1.5),(40957453,1.2),(46946261,1.2),(58602547,1.0),(1184284,0.90000004),(37475235,0.90000004),(66441569,0.90000004),(9549801,0.90000004),]
26-mar-2018 0.00.00[(57320526,3.0),(66180994,2.4),(67711219,1.3),(11237620,1.2),(26808051,1.2),(3959098,1.2),(66140900,1.2),(76885022,1.2),(54620191,0.90000004),(85417152,0.7),]
2-apr-2018 0.00.00[(79194965,1.5),(46148869,1.2),(675571,1.2),(60702762,1.0),(69106652,0.90000004),(77809927,0.90000004),(30672372,0.6),(32271878,0.6),(3630212,0.6),(28129655,0.3),]
9-apr-2018 0.00.00[(20365654,1.0),(59105249,0.90000004),(68996657,0.7),(77745840,0.6),(65737693,0.3),(85580682,0.3),(85591203,0.3),(23394662,0.0),(30006326,0.0),(39829394,0.0),]
