0.0
0.0
0.0
0.0
0.0
0.0
0.0
0.0
0.0
0.0
0.0
8.216666666666667
8.216666666666667
8.216666666666667
8.216666666666667
8.216666666666667
8.216666666666667
8.216666666666667
8.216666666666667
8.216666666666667
35.6
35.6
35.6
35.6
35.6
35.6
35.6
35.6
35.6
71.28333333333333
71.28333333333333
71.28333333333333
71.28333333333333
71.28333333333333
71.28333333333333
71.28333333333333
71.28333333333333
71.28333333333333
109.85
109.85
109.85
109.85
109.85
109.85
109.85
109.85
109.85
154.33333333333334
154.33333333333334
154.33333333333334
154.33333333333334
154.33333333333334
154.33333333333334
154.33333333333334
154.33333333333334
154.33333333333334
191.4
191.4
191.4
191.4
191.4
191.4
191.4
191.4
191.4
202.71666666666667
202.71666666666667
202.71666666666667
202.71666666666667
202.71666666666667
202.71666666666667
202.71666666666667
202.71666666666667
202.71666666666667
209.05
209.05
209.05
209.05
209.05
209.05
209.05
209.05
209.05
211.73333333333332
211.73333333333332
211.73333333333332
211.73333333333332
211.73333333333332
211.73333333333332
211.73333333333332
211.73333333333332
211.73333333333332
207.25
207.25
207.25
207.25
207.25
207.25
207.25
207.25
207.25
206.35
206.35
206.35
206.35
206.35
206.35
206.35
206.35
206.35
213.21666666666667
213.21666666666667
213.21666666666667
213.21666666666667
213.21666666666667
213.21666666666667
213.21666666666667
213.21666666666667
213.21666666666667
212.5
212.5
212.5
212.5
212.5
212.5
212.5
212.5
212.5
211.38333333333333
211.38333333333333
211.38333333333333
211.38333333333333
211.38333333333333
211.38333333333333
211.38333333333333
211.38333333333333
211.38333333333333
213.63333333333333
213.63333333333333
213.63333333333333
213.63333333333333
213.63333333333333
213.63333333333333
213.63333333333333
213.63333333333333
213.63333333333333
220.81666666666666
220.81666666666666
220.81666666666666
220.81666666666666
220.81666666666666
220.81666666666666
220.81666666666666
220.81666666666666
220.81666666666666
225.65
225.65
225.65
225.65
225.65
225.65
225.65
225.65
225.65
233.78333333333333
233.78333333333333
233.78333333333333
233.78333333333333
233.78333333333333
233.78333333333333
233.78333333333333
233.78333333333333
233.78333333333333
239.9
239.9
239.9
239.9
239.9
239.9
239.9
239.9
239.9
239.8
239.8
239.8
239.8
239.8
239.8
239.8
239.8
239.8
240.48333333333332
240.48333333333332
240.48333333333332
240.48333333333332
240.48333333333332
240.48333333333332
240.48333333333332
240.48333333333332
240.48333333333332
241.85
241.85
241.85
241.85
241.85
241.85
241.85
241.85
241.85
238.53333333333333
238.53333333333333
238.53333333333333
238.53333333333333
238.53333333333333
238.53333333333333
238.53333333333333
238.53333333333333
238.53333333333333
230.91666666666666
230.91666666666666
230.91666666666666
230.91666666666666
230.91666666666666
230.91666666666666
230.91666666666666
230.91666666666666
230.91666666666666
235.8
235.8
235.8
235.8
235.8
235.8
235.8
