0.0
0.0
0.0
0.0
0.0
0.0
0.0
0.0
0.0
0.0
8.216666666666667
8.216666666666667
8.216666666666667
8.216666666666667
8.216666666666667
8.216666666666667
8.216666666666667
8.216666666666667
8.216666666666667
35.65
35.65
35.65
35.65
35.65
35.65
35.65
35.65
35.65
71.38333333333334
71.38333333333334
71.38333333333334
71.38333333333334
71.38333333333334
71.38333333333334
71.38333333333334
71.38333333333334
71.38333333333334
109.95
109.95
109.95
109.95
109.95
109.95
109.95
109.95
109.95
154.5
154.5
154.5
154.5
154.5
154.5
154.5
154.5
154.5
191.98333333333332
191.98333333333332
191.98333333333332
191.98333333333332
191.98333333333332
191.98333333333332
191.98333333333332
191.98333333333332
191.98333333333332
204.03333333333333
204.03333333333333
204.03333333333333
204.03333333333333
204.03333333333333
204.03333333333333
204.03333333333333
204.03333333333333
204.03333333333333
210.53333333333333
210.53333333333333
210.53333333333333
210.53333333333333
210.53333333333333
210.53333333333333
210.53333333333333
210.53333333333333
210.53333333333333
213.9
213.9
213.9
213.9
213.9
213.9
213.9
213.9
213.9
209.86666666666667
209.86666666666667
209.86666666666667
209.86666666666667
209.86666666666667
209.86666666666667
209.86666666666667
209.86666666666667
209.86666666666667
213.31666666666666
213.31666666666666
213.31666666666666
213.31666666666666
213.31666666666666
213.31666666666666
213.31666666666666
213.31666666666666
213.31666666666666
223.26666666666668
223.26666666666668
223.26666666666668
223.26666666666668
223.26666666666668
223.26666666666668
223.26666666666668
223.26666666666668
223.26666666666668
223.3
223.3
223.3
223.3
223.3
223.3
223.3
223.3
223.3
223.33333333333334
223.33333333333334
223.33333333333334
223.33333333333334
223.33333333333334
223.33333333333334
223.33333333333334
223.33333333333334
223.33333333333334
225.71666666666667
225.71666666666667
225.71666666666667
225.71666666666667
225.71666666666667
225.71666666666667
225.71666666666667
225.71666666666667
225.71666666666667
232.98333333333332
232.98333333333332
232.98333333333332
232.98333333333332
232.98333333333332
232.98333333333332
232.98333333333332
232.98333333333332
232.98333333333332
233.63333333333333
233.63333333333333
233.63333333333333
233.63333333333333
233.63333333333333
233.63333333333333
233.63333333333333
233.63333333333333
233.63333333333333
239.0
239.0
239.0
239.0
239.0
239.0
239.0
239.0
239.0
244.03333333333333
244.03333333333333
244.03333333333333
244.03333333333333
244.03333333333333
244.03333333333333
244.03333333333333
244.03333333333333
244.03333333333333
242.96666666666667
242.96666666666667
242.96666666666667
242.96666666666667
242.96666666666667
242.96666666666667
242.96666666666667
242.96666666666667
242.96666666666667
242.93333333333334
242.93333333333334
242.93333333333334
242.93333333333334
242.93333333333334
242.93333333333334
242.93333333333334
242.93333333333334
242.93333333333334
243.81666666666666
243.81666666666666
243.81666666666666
243.81666666666666
243.81666666666666
243.81666666666666
243.81666666666666
243.81666666666666
243.81666666666666
240.2
240.2
240.2
240.2
240.2
240.2
240.2
240.2
240.2
231.91666666666666
231.91666666666666
231.91666666666666
231.91666666666666
231.91666666666666
231.91666666666666
231.91666666666666
231.91666666666666
231.91666666666666
236.91666666666666
236.91666666666666
236.91666666666666
236.91666666666666
236.91666666666666
236.91666666666666
236.91666666666666
236.91666666666666
