0.0
0.0
0.0
0.0
5.0
5.0
5.0
5.0
5.0
5.0
5.0
5.0
23.766666666666666
23.766666666666666
23.766666666666666
23.766666666666666
23.766666666666666
23.766666666666666
23.766666666666666
23.766666666666666
23.766666666666666
23.766666666666666
49.483333333333334
49.483333333333334
49.483333333333334
49.483333333333334
49.483333333333334
49.483333333333334
49.483333333333334
49.483333333333334
49.483333333333334
78.46666666666667
78.46666666666667
78.46666666666667
78.46666666666667
78.46666666666667
78.46666666666667
78.46666666666667
78.46666666666667
78.46666666666667
106.88333333333334
106.88333333333334
106.88333333333334
106.88333333333334
106.88333333333334
106.88333333333334
106.88333333333334
106.88333333333334
106.88333333333334
128.21666666666667
128.21666666666667
128.21666666666667
128.21666666666667
128.21666666666667
128.21666666666667
128.21666666666667
128.21666666666667
128.21666666666667
141.18333333333334
141.18333333333334
141.18333333333334
141.18333333333334
141.18333333333334
141.18333333333334
141.18333333333334
141.18333333333334
141.18333333333334
147.0
147.0
147.0
147.0
147.0
147.0
147.0
147.0
147.0
148.38333333333333
148.38333333333333
148.38333333333333
148.38333333333333
148.38333333333333
148.38333333333333
148.38333333333333
148.38333333333333
148.38333333333333
148.15
148.15
148.15
148.15
148.15
148.15
148.15
148.15
148.15
150.65
150.65
150.65
150.65
150.65
150.65
150.65
150.65
150.65
153.5
153.5
153.5
153.5
153.5
153.5
153.5
153.5
153.5
154.31666666666666
154.31666666666666
154.31666666666666
154.31666666666666
154.31666666666666
154.31666666666666
154.31666666666666
154.31666666666666
154.31666666666666
156.15
156.15
156.15
156.15
156.15
156.15
156.15
156.15
156.15
158.35
158.35
158.35
158.35
158.35
158.35
158.35
158.35
158.35
161.0
161.0
161.0
161.0
161.0
161.0
161.0
161.0
161.0
164.76666666666668
164.76666666666668
164.76666666666668
164.76666666666668
164.76666666666668
164.76666666666668
164.76666666666668
164.76666666666668
169.05
169.05
169.05
169.05
169.05
169.05
169.05
169.05
169.05
169.05
170.2
170.2
170.2
170.2
170.2
170.2
170.2
170.2
170.2
169.73333333333332
169.73333333333332
169.73333333333332
169.73333333333332
169.73333333333332
169.73333333333332
169.73333333333332
169.73333333333332
169.73333333333332
169.45
169.45
169.45
169.45
169.45
169.45
169.45
169.45
169.45
170.21666666666667
170.21666666666667
170.21666666666667
170.21666666666667
170.21666666666667
170.21666666666667
170.21666666666667
170.21666666666667
170.21666666666667
170.88333333333333
170.88333333333333
