0.016666666666666666
0.016666666666666666
0.3
0.3
0.6
0.6
0.8
0.8
1.1333333333333333
1.1333333333333333
4.066666666666666
4.066666666666666
8.133333333333333
8.133333333333333
12.533333333333333
12.533333333333333
15.45
15.45
17.916666666666668
17.916666666666668
22.366666666666667
22.366666666666667
23.1
23.1
21.933333333333334
21.933333333333334
31.8
31.8
52.016666666666666
52.016666666666666
71.8
71.8
88.8
88.8
102.75
102.75
109.85
109.85
104.08333333333333
104.08333333333333
84.2
84.2
66.33333333333333
66.33333333333333
60.28333333333333
60.28333333333333
72.43333333333334
72.43333333333334
88.78333333333333
88.78333333333333
113.25
113.25
129.38333333333333
129.38333333333333
137.05
137.05
115.1
115.1
90.55
90.55
69.83333333333333
69.83333333333333
66.38333333333334
66.38333333333334
73.46666666666667
73.46666666666667
85.25
85.25
95.0
95.0
103.55
103.55
107.63333333333334
107.63333333333334
90.05
90.05
72.23333333333333
72.23333333333333
65.26666666666667
65.26666666666667
83.98333333333333
83.98333333333333
114.31666666666666
114.31666666666666
130.8
130.8
148.15
148.15
150.65
150.65
132.28333333333333
132.28333333333333
100.56666666666666
100.56666666666666
73.18333333333334
73.18333333333334
61.266666666666666
61.266666666666666
52.28333333333333
52.28333333333333
48.9
48.9
46.2
46.2
44.55
44.55
40.46666666666667
40.46666666666667
26.4
26.4
14.516666666666667
14.516666666666667
9.066666666666666
9.066666666666666
15.2
15.2
21.083333333333332
