0.0
0.0
0.0
0.06666666666666667
0.06666666666666667
0.5833333333333334
0.5833333333333334
0.7666666666666667
0.7666666666666667
0.7666666666666667
1.05
1.05
5.6
5.6
10.233333333333333
10.233333333333333
13.716666666666667
13.716666666666667
16.483333333333334
16.483333333333334
18.9
18.9
23.683333333333334
23.683333333333334
22.666666666666668
22.666666666666668
21.566666666666666
21.566666666666666
28.366666666666667
28.366666666666667
50.2
50.2
69.51666666666667
69.51666666666667
87.38333333333334
101.8
101.8
101.8
109.51666666666667
107.31666666666666
107.31666666666666
107.31666666666666
76.15
76.15
60.333333333333336
60.333333333333336
64.33333333333333
64.33333333333333
77.63333333333334
77.63333333333334
99.41666666666667
99.41666666666667
120.21666666666667
120.21666666666667
132.35
132.35
133.63333333333333
133.63333333333333
114.71666666666667
114.71666666666667
91.35
91.35
68.38333333333334
64.88333333333334
64.88333333333334
64.88333333333334
70.5
70.5
83.93333333333334
83.93333333333334
90.36666666666666
90.36666666666666
99.4
93.08333333333333
93.08333333333333
72.88333333333334
72.88333333333334
72.88333333333334
61.65
67.41666666666667
67.41666666666667
67.41666666666667
93.31666666666666
110.58333333333333
110.58333333333333
110.58333333333333
128.85
128.85
144.51666666666668
144.51666666666668
147.71666666666667
147.71666666666667
115.2
115.2
87.06666666666666
87.06666666666666
63.7
63.7
56.733333333333334
56.733333333333334
51.18333333333333
51.18333333333333
47.1
47.1
45.266666666666666
45.266666666666666
43.0
34.333333333333336
34.333333333333336
17.933333333333334
17.933333333333334
17.933333333333334
10.65
10.65
8.666666666666666
8.666666666666666
14.75
14.75
20.633333333333333
20.633333333333333
24.95
24.95
30.7
30.7
35.1
32.11666666666667
32.11666666666667
32.11666666666667
25.033333333333335
25.033333333333335
28.616666666666667
28.616666666666667
46.75
46.75
70.96666666666667
70.96666666666667
90.7
90.7
0.0
0.0
0.016666666666666666
0.016666666666666666
0.4
0.4
0.6833333333333333
0.6833333333333333
0.8333333333333334
0.8333333333333334
1.5666666666666667
1.5666666666666667
1.5666666666666667
7.183333333333334
7.183333333333334
11.5
11.5
14.716666666666667
14.716666666666667
17.4
21.116666666666667
21.116666666666667
21.116666666666667
23.5
23.5
22.05
22.05
23.2
23.2
32.05
43.083333333333336
43.083333333333336
43.083333333333336
51.5
51.5
59.85
59.85
67.16666666666667
67.16666666666667
71.8
72.36666666666666
72.36666666666666
72.25
72.25
72.25
72.55
72.55
73.33333333333333
73.33333333333333
73.61666666666666
