0.0
0.0
0.0
0.06666666666666667
0.06666666666666667
0.5833333333333334
0.5833333333333334
0.7666666666666667
0.7666666666666667
1.05
1.05
5.6
5.6
10.266666666666667
10.266666666666667
13.733333333333333
13.733333333333333
16.516666666666666
16.516666666666666
18.933333333333334
18.933333333333334
23.733333333333334
23.733333333333334
22.716666666666665
22.716666666666665
21.583333333333332
21.583333333333332
28.433333333333334
28.433333333333334
50.266666666666666
50.266666666666666
69.6
69.6
87.45
87.45
101.86666666666666
101.86666666666666
109.63333333333334
109.63333333333334
107.4
107.4
76.2
76.2
60.43333333333333
60.43333333333333
64.65
64.65
78.76666666666667
78.76666666666667
100.7
100.7
121.71666666666667
121.71666666666667
134.08333333333334
134.08333333333334
135.5
135.5
116.56666666666666
116.56666666666666
92.5
92.5
69.53333333333333
69.53333333333333
65.96666666666667
65.96666666666667
73.36666666666666
73.36666666666666
89.98333333333333
89.98333333333333
98.05
98.05
107.6
107.6
101.86666666666666
101.86666666666666
81.28333333333333
81.28333333333333
67.43333333333334
67.43333333333334
72.06666666666666
72.06666666666666
97.1
97.1
114.23333333333333
114.23333333333333
132.18333333333334
132.18333333333334
147.9
147.9
150.83333333333334
150.83333333333334
116.9
116.9
88.13333333333334
88.13333333333334
64.21666666666667
64.21666666666667
57.016666666666666
57.016666666666666
51.483333333333334
51.483333333333334
47.45
47.45
45.666666666666664
45.666666666666664
43.5
43.5
34.9
34.9
18.416666666666668
18.416666666666668
11.05
11.05
9.066666666666666
9.066666666666666
15.2
15.2
21.083333333333332
21.083333333333332
25.416666666666668
25.416666666666668
31.283333333333335
31.283333333333335
35.65
35.65
32.53333333333333
32.53333333333333
25.283333333333335
25.283333333333335
28.816666666666666
28.816666666666666
47.15
47.15
71.46666666666667
71.46666666666667
91.25
91.25
116.38333333333334
0.0
0.0
0.016666666666666666
0.016666666666666666
0.4
0.4
0.6833333333333333
0.6833333333333333
0.8333333333333334
0.8333333333333334
1.5833333333333333
1.5833333333333333
7.183333333333334
7.183333333333334
11.533333333333333
11.533333333333333
14.75
14.75
17.433333333333334
17.433333333333334
21.166666666666668
21.166666666666668
23.533333333333335
23.533333333333335
22.1
22.1
23.216666666666665
23.216666666666665
32.083333333333336
32.083333333333336
43.166666666666664
43.166666666666664
51.55
51.55
59.916666666666664
59.916666666666664
67.23333333333333
67.23333333333333
71.86666666666666
71.86666666666666
72.41666666666667
72.41666666666667
72.33333333333333
72.33333333333333
72.61666666666666
72.61666666666666
73.41666666666667
73.41666666666667
73.7
73.7
